##FastQC	0.11.8
>>Basic Statistics	pass
#Measure	Value
Filename	m64069_220729_164623.hifi_reads.fastq
File type	Conventional base calls
Encoding	Sanger / Illumina 1.9
Total Sequences	1972754
Sequences flagged as poor quality	0
Sequence length	123-55154
%GC	38
>>END_MODULE
>>Per base sequence quality	pass
#Base	Mean	Median	Lower Quartile	Upper Quartile	10th Percentile	90th Percentile
1	83.02368212154177	93.0	81.0	93.0	52.0	93.0
2	80.09190045996611	93.0	71.0	93.0	45.0	93.0
3	80.48501688502469	93.0	73.0	93.0	45.0	93.0
4	79.81893535635969	93.0	71.0	93.0	44.0	93.0
5	79.94001025976883	93.0	71.0	93.0	44.0	93.0
6	80.09460125286782	93.0	72.0	93.0	44.0	93.0
7	80.43431162729868	93.0	73.0	93.0	45.0	93.0
8	80.65173508709145	93.0	74.0	93.0	46.0	93.0
9	80.79271211717224	93.0	74.0	93.0	46.0	93.0
10-999	82.21043514315183	93.0	77.58282828282829	93.0	50.27272727272727	93.0
1000-1999	82.5100584037391	93.0	78.135	93.0	51.0	93.0
2000-2999	82.60976020218328	93.0	78.973	93.0	51.216	93.0
3000-3999	82.58990184983392	93.0	78.217	93.0	51.415	93.0
4000-4999	82.5138460494725	93.0	78.0	93.0	51.009	93.0
5000-5999	82.39683162123123	93.0	77.682	93.0	51.0	93.0
6000-6999	82.23596460811946	93.0	77.0	93.0	51.0	93.0
7000-7999	82.02151468913465	93.0	76.15	93.0	50.516	93.0
8000-8999	81.73118055474677	93.0	75.227	93.0	50.0	93.0
9000-9999	81.35443350998375	93.0	73.882	93.0	49.183	93.0
10000-10999	80.8801024629721	93.0	72.423	93.0	48.423	93.0
11000-11999	80.33790474011349	93.0	70.643	93.0	47.573	93.0
12000-12999	79.74540732075106	93.0	68.964	93.0	46.687	93.0
13000-13999	79.132927051074	93.0	67.404	93.0	45.9	93.0
14000-14999	78.49729024979017	93.0	65.91	93.0	45.002	93.0
15000-15999	77.77497222754347	93.0	64.512	93.0	44.146	93.0
16000-16999	76.91775307050462	92.245	62.968	93.0	43.171	93.0
17000-17999	76.03748680213623	89.322	61.487	93.0	42.265	93.0
18000-18999	75.13737007109911	86.402	60.142	93.0	41.431	93.0
19000-19999	74.28150152369399	83.826	58.737	93.0	40.722	93.0
20000-20999	73.49786339973194	81.655	57.652	93.0	40.004	93.0
21000-21999	72.78289097116796	79.938	56.708	93.0	39.4	93.0
22000-22999	72.00505766198262	78.375	55.633	93.0	38.84	93.0
23000-23999	71.17398887951919	76.695	54.58	93.0	38.043	93.0
24000-24999	70.30925024538725	75.173	53.567	93.0	37.352	93.0
25000-25999	69.4609302573576	73.589	52.709	93.0	36.762	93.0
26000-26999	68.56721264117013	72.013	51.776	93.0	36.042	93.0
27000-27999	67.7044514911267	70.431	50.952	92.734	35.475	93.0
28000-28999	66.75772201021573	68.791	50.038	90.762	34.799	93.0
29000-29999	65.66857580596304	67.043	49.01	88.307	34.037	93.0
30000-30999	64.78683218813264	65.725	48.275	86.249	33.517	93.0
31000-31999	63.779463152386924	64.47	47.339	84.137	32.804	93.0
32000-32999	62.565874270236804	63.065	46.274	81.782	31.943	93.0
33000-33999	61.693488262107664	62.05	45.626	80.032	31.445	93.0
34000-34999	60.68501233451624	60.875	44.922	78.183	30.903	92.895
35000-35999	59.21195386594775	59.188	43.545	76.083	29.792	91.923
36000-36999	57.35773849790237	56.914	41.92	73.339	28.076	89.08
37000-37999	56.3964415717819	55.642	41.267	71.359	27.302	86.384
38000-38999	55.673083910514485	55.77536231884058	41.68840579710145	71.28260869565217	27.884057971014492	86.2463768115942
39000-39999	55.96969628321779	NaN	NaN	NaN	NaN	NaN
40000-40999	55.488310887802825	NaN	NaN	NaN	NaN	NaN
41000-41999	55.56369128066495	NaN	NaN	NaN	NaN	NaN
42000-42999	54.18986566951567	NaN	NaN	NaN	NaN	NaN
43000-43999	53.7997244301222	NaN	NaN	NaN	NaN	NaN
44000-44999	51.675197303921614	NaN	NaN	NaN	NaN	NaN
45000-45999	51.08378336663336	NaN	NaN	NaN	NaN	NaN
46000-46999	51.64468596681092	NaN	NaN	NaN	NaN	NaN
47000-47999	53.09131904761901	NaN	NaN	NaN	NaN	NaN
48000-48999	57.64199999999999	NaN	NaN	NaN	NaN	NaN
49000-49999	63.017	NaN	NaN	NaN	NaN	NaN
50000-50999	63.335	NaN	NaN	NaN	NaN	NaN
51000-51999	63.062	NaN	NaN	NaN	NaN	NaN
52000-52999	66.283	NaN	NaN	NaN	NaN	NaN
53000-53999	65.393	NaN	NaN	NaN	NaN	NaN
54000-54999	65.315	NaN	NaN	NaN	NaN	NaN
55000-55154	67.66451612903226	NaN	NaN	NaN	NaN	NaN
>>END_MODULE
>>Per sequence quality scores	pass
#Quality	Count
37	2.0
38	10.0
39	113.0
40	969.0
41	2899.0
42	5040.0
43	6846.0
44	8330.0
45	9469.0
46	10340.0
47	11340.0
48	12116.0
49	12763.0
50	13050.0
51	13550.0
52	13699.0
53	13614.0
54	14087.0
55	13816.0
56	13901.0
57	14029.0
58	14430.0
59	14461.0
60	14650.0
61	14641.0
62	14865.0
63	15001.0
64	15472.0
65	15423.0
66	15691.0
67	15983.0
68	16004.0
69	16299.0
70	16695.0
71	16994.0
72	17753.0
73	18029.0
74	18683.0
75	19697.0
76	20302.0
77	21347.0
78	22575.0
79	23998.0
80	25623.0
81	27197.0
82	29339.0
83	32310.0
84	35060.0
85	39963.0
86	46178.0
87	55202.0
88	65380.0
89	82966.0
90	116152.0
91	190777.0
92	648896.0
93	8735.0
>>END_MODULE
>>Per base sequence content	fail
#Base	G	A	T	C
1	22.504123676849723	31.645050523278623	21.75577897700372	24.09504682286793
2	17.617959461747386	30.548512384210092	33.731372487395795	18.102155666646727
3	16.16734777879046	30.45037546495914	33.76351030082818	19.618766455422218
4	19.778188258647557	29.536120570532365	30.714371888233405	19.971319282586677
5	20.143160272390777	31.77360177700818	29.533484661544218	18.549753289056824
6	19.039778908064562	35.75159396457946	28.0929603995227	17.115666727833272
7	18.465404201436165	34.271024162161126	30.153683632120377	17.10988800428234
8	16.98833204748286	32.20244389315647	33.249457357582344	17.559766701778326
9	17.61360007380545	30.53447109979247	33.80644520300047	18.0454836234016
10-999	19.09979340118734	30.884356502836514	30.872491690591513	19.143358405384635
1000-1999	19.151050056589867	30.83083019159932	30.825240988192032	19.192878763618786
2000-2999	19.166883140941238	30.817080170666166	30.812595182141255	19.203441506251338
3000-3999	19.177689920176412	30.805477222423843	30.807470746434117	19.209362110965625
4000-4999	19.17358719743096	30.806059952359664	30.805938855133846	19.214413995075528
5000-5999	19.176606526124143	30.80933198709811	30.803768721396118	19.210292765381627
6000-6999	19.173850212201696	30.81266085952126	30.80620449353021	19.20728443474684
7000-7999	19.17584265015467	30.811859242901974	30.8109296534015	19.20136845354185
8000-8999	19.173871759277265	30.81421733057015	30.82130000437252	19.190610905780066
9000-9999	19.157921876749683	30.821774364802383	30.83329839533019	19.18700536311775
10000-10999	19.150886098461527	30.829318911325952	30.842081716403662	19.17771327380886
11000-11999	19.153915868721324	30.83856607009538	30.841517019437227	19.16600104174607
12000-12999	19.145066178854012	30.853241910644496	30.8472207934308	19.15447111707069
13000-13999	19.144096217000143	30.85535048762899	30.85851450798816	19.142038787382702
14000-14999	19.14106737480961	30.85496266791442	30.860526936665412	19.143443020610558
15000-15999	19.126307330620172	30.867827508499268	30.87401032192861	19.131854838951952
16000-16999	19.132125559097883	30.873805183637597	30.861019537335665	19.133049719928856
17000-17999	19.13336552714277	30.87215826585263	30.854468040123784	19.14000816688082
18000-18999	19.128979400193032	30.873629054428985	30.859917429157885	19.1374741162201
19000-19999	19.129918645980755	30.883811018401815	30.855951532661003	19.130318802956428
20000-20999	19.12527029849669	30.8676991346174	30.859746853723586	19.147283713162324
21000-21999	19.138182464369628	30.8524376410415	30.87934305548777	19.130036839101106
22000-22999	19.127841556957577	30.87634125257383	30.85854185236594	19.137275338102654
23000-23999	19.12915331391572	30.872620192099053	30.846293766031856	19.151932727953373
24000-24999	19.136692503788012	30.893939691177998	30.83617605449984	19.13319175053415
25000-25999	19.13404025270658	30.832202385783976	30.89484297322011	19.138914388289336
26000-26999	19.166861033085855	30.81241197465243	30.899954550664642	19.120772441597072
27000-27999	19.15831350603958	30.792012051181462	30.912890673328057	19.1367837694509
28000-28999	19.190536973542496	30.840660640241392	30.812807539084417	19.155994847131694
29000-29999	19.199939258146692	30.835083368062076	30.851124165112044	19.113853208679192
30000-30999	19.135695314114354	30.88920864340519	30.852141362109116	19.122954680371343
31000-31999	19.249981693963687	30.790660783301448	30.877083734579085	19.082273788155778
32000-32999	19.3154864953058	30.67402659838138	30.922673388914767	19.087813517398054
33000-33999	19.34884772260326	30.64347717542753	30.92813068252742	19.079544419441792
34000-34999	19.327228677703033	30.427301106660938	31.10414748736955	19.14132272826648
35000-35999	19.376320168762998	30.63310716832852	31.050096049535874	18.94047661337261
36000-36999	19.10532659912535	30.46083500194256	31.236862815416956	19.196975583515137
37000-37999	19.317520944342277	30.434133383631192	30.700554848241936	19.5477908237846
38000-38999	19.485522554989437	31.75209281832868	29.87787656608335	18.884508060598527
39000-39999	19.547719432732848	30.889996167113836	30.618627826753546	18.94365657339977
40000-40999	19.55040566587476	31.048007530593036	30.66699538302927	18.734591420502937
41000-41999	19.615785920333888	30.918185723930524	31.283373227766525	18.182655127969067
42000-42999	19.443799798870582	32.30834687089039	29.33395219308424	18.91390113715479
43000-43999	20.45513451868747	30.283551915400963	29.68741900368047	19.573894562231093
44000-44999	20.911817636472705	29.154169166166767	29.772045590881824	20.161967606478704
45000-45999	21.190233178927535	30.085577451519196	28.813692392243073	19.9104969773102
46000-46999	21.02247191011236	30.595505617977526	29.95505617977528	18.426966292134832
47000-47999	21.486643437862952	33.681765389082464	30.41037553232675	14.421215640727835
48000-48999	19.145077720207254	31.761658031088082	31.580310880829014	17.512953367875646
49000-49999	17.277227722772277	30.792079207920793	30.297029702970296	21.633663366336634
50000-50999	15.299999999999999	32.05	33.4	19.25
51000-51999	18.67582760774516	30.918176139912557	32.167395377888816	18.238600874453468
52000-52999	13.3	30.5	35.3	20.9
53000-53999	14.799999999999999	31.7	32.9	20.599999999999998
54000-54999	17.5	31.3	27.6	23.599999999999998
55000-55154	18.064516129032256	41.935483870967744	21.29032258064516	18.70967741935484
>>END_MODULE
>>Per sequence GC content	warn
#GC Content	Count
0	0.0
1	0.01639344262295082
2	0.0
3	0.014084507042253521
4	0.008264462809917356
5	0.0
6	0.0
7	0.008264462809917356
8	0.02133680968481013
9	0.009900990099009901
10	0.0
11	0.0
12	0.01816545290892726
13	0.01816545290892726
14	0.05588351042896497
15	0.008264462809917356
16	0.020806913719411957
17	0.027565868145578286
18	0.07253663062520821
19	0.12203448624196998
20	0.321055721088709
21	0.4785958245621696
22	1.4702289330275837
23	2.2887669312349574
24	2.6303789889363793
25	5.732584779006944
26	8.441369530173173
27	15.422715866823435
28	29.925747553212272
29	58.74256257078695
30	110.23954145987055
31	208.88145451039253
32	390.69193472195155
33	679.8939672917754
34	1097.0062423176093
35	1559.2985944836496
36	1942.0448627390786
37	2217.5833894309812
38	2377.7698537419915
39	2338.267185836286
40	1979.3802893380268
41	1402.5598678756567
42	1049.3019343956496
43	811.8084798195844
44	553.3197995992323
45	251.63679809159464
46	99.7284594010867
47	50.723723590693076
48	27.32048360775602
49	21.282510835724118
50	29.165821161835
51	52.48350077363242
52	218.37412729133806
53	85.01166348065118
54	14.414956315437491
55	6.119283573365268
56	2.6000911430233034
57	2.2219683104995216
58	0.6200358826338037
59	0.2538039614906964
60	0.07712788085531241
61	0.036001285760205726
62	0.0
63	0.04166371572136539
64	0.0
65	0.01098901098901099
66	0.0
67	0.04698385088394885
68	0.0196078431372549
69	0.04078368652538984
70	0.0
71	0.0
72	0.007633587786259542
73	0.0
74	0.0
75	0.0
76	0.0
77	0.0
78	0.0
79	0.0
80	0.0
81	0.0
82	0.0
83	0.0
84	0.0
85	0.0
86	0.0
87	0.0
88	0.0
89	0.0
90	0.0
91	0.0
92	0.0
93	0.0
94	0.0
95	0.0
96	0.0
97	0.0
98	0.0
99	0.0
100	0.0
>>END_MODULE
>>Per base N content	pass
#Base	N-Count
1	0.0
2	0.0
3	0.0
4	0.0
5	0.0
6	0.0
7	0.0
8	0.0
9	0.0
10-999	0.0
1000-1999	0.0
2000-2999	0.0
3000-3999	0.0
4000-4999	0.0
5000-5999	0.0
6000-6999	0.0
7000-7999	0.0
8000-8999	0.0
9000-9999	0.0
10000-10999	0.0
11000-11999	0.0
12000-12999	0.0
13000-13999	0.0
14000-14999	0.0
15000-15999	0.0
16000-16999	0.0
17000-17999	0.0
18000-18999	0.0
19000-19999	0.0
20000-20999	0.0
21000-21999	0.0
22000-22999	0.0
23000-23999	0.0
24000-24999	0.0
25000-25999	0.0
26000-26999	0.0
27000-27999	0.0
28000-28999	0.0
29000-29999	0.0
30000-30999	0.0
31000-31999	0.0
32000-32999	0.0
33000-33999	0.0
34000-34999	0.0
35000-35999	0.0
36000-36999	0.0
37000-37999	0.0
38000-38999	0.0
39000-39999	0.0
40000-40999	0.0
41000-41999	0.0
42000-42999	0.0
43000-43999	0.0
44000-44999	0.0
45000-45999	0.0
46000-46999	0.0
47000-47999	0.0
48000-48999	0.0
49000-49999	0.0
50000-50999	0.0
51000-51999	0.0
52000-52999	0.0
53000-53999	0.0
54000-54999	0.0
55000-55154	0.0
>>END_MODULE
>>Sequence Length Distribution	warn
#Length	Count
0-1999	870.0
2000-3999	30584.0
4000-5999	81905.0
6000-7999	169889.0
8000-9999	315385.0
10000-11999	400779.0
12000-13999	348187.0
14000-15999	250314.0
16000-17999	157387.0
18000-19999	87900.0
20000-21999	49764.0
22000-23999	32309.0
24000-25999	21134.0
26000-27999	12873.0
28000-29999	7315.0
30000-31999	3629.0
32000-33999	1644.0
34000-35999	620.0
36000-37999	158.0
38000-39999	53.0
40000-41999	28.0
42000-43999	10.0
44000-45999	6.0
46000-47999	7.0
48000-49999	2.0
50000-51999	1.0
52000-53999	0.0
54000-55155	1.0
>>END_MODULE
>>Sequence Duplication Levels	pass
#Total Deduplicated Percentage	96.6921006185359
#Duplication Level	Percentage of deduplicated	Percentage of total
1	97.90790171017903	94.66920683510355
2	1.5612633308606298	3.019236621592131
3	0.2935115923367192	0.8514075725678623
4	0.10148914078039148	0.39252792848105467
5	0.04835598904881928	0.23378210793086268
6	0.025137506649919723	0.1458358993375892
7	0.017461717394476	0.11818870946953783
8	0.009209776802181241	0.07124101321846132
9	0.00670952416116274	0.058388218676428086
>10	0.028744116406022313	0.37746708711645877
>50	1.1074677200093152E-4	0.0060464064086946925
>100	0.0	0.0
>500	1.0484860865486778E-4	0.05667160009733413
>1k	0.0	0.0
>5k	0.0	0.0
>10k+	0.0	0.0
>>END_MODULE
>>Overrepresented sequences	pass
>>END_MODULE
>>Adapter Content	pass
#Position	Illumina Universal Adapter	Illumina Small RNA 3' Adapter	Illumina Small RNA 5' Adapter	Nextera Transposase Sequence	SOLID Small RNA Adapter
1	0.0	5.069055746433666E-5	0.0	0.0	0.0
2	0.0	1.0138111492867332E-4	0.0	0.0	0.0
3	0.0	2.534527873216833E-4	0.0	0.0	0.0
4	0.0	9.631205918223965E-4	0.0	0.0	0.0
5	0.0	0.0010645017067510698	0.0	0.0	0.0
6	0.0	0.0010645017067510698	0.0	0.0	0.0
7	0.0	0.0011658828216797432	0.0	0.0	0.0
8	0.0	0.0012672639366084165	0.0	5.069055746433666E-5	0.0
9	0.0	0.001317954494072753	0.0	5.069055746433666E-5	0.0
10-999	0.0033580190203874763	0.06253550707141976	3.1085088319796804E-4	0.001289639465509339	1.9820519994388596E-4
1000-1999	0.00979047564977691	0.1839778806683447	7.523999444431433E-4	0.0032606194183360067	4.5631639829395035E-4
2000-2999	0.015748897226922395	0.3128173609076449	0.0011521456806069066	0.004780930617806349	8.297537351337288E-4
3000-3999	0.021911753822321557	0.43927844019071827	0.0015511817489661404	0.006728765978931006	0.001282978009422364
4000-4999	0.028729278967372457	0.560532179886595	0.001974853428253103	0.008157834174965517	0.0016793274782360302
5000-5999	0.03568493588151375	0.6803465612032721	0.002386359373748573	0.009729748361934621	0.001967908821880468
6000-6999	0.04033102961646507	0.7967757257113661	0.0030024524091701293	0.011108886358866827	0.002496053740101377
7000-7999	0.04481749878596119	0.9063677985192273	0.0033810601828712194	0.012439868326208034	0.002874914966589872
8000-8999	0.04959630040035408	0.9949687594094347	0.0036174302523274593	0.01358324454037348	0.0032097767891992334
9000-9999	0.053860288713139054	1.0638976780683238	0.0038958227939215554	0.014840573127718824	0.0036216882591544827
10000-10999	0.058075918234103255	1.1262182208222602	0.004278435121662478	0.015854840492022727	0.003931610327491494
11000-11999	0.061863668759510645	1.1776442475848492	0.004482515306013892	0.016876559368273973	0.004150846988524678
12000-12999	0.06425428614008663	1.22071175625547	0.004657853944282946	0.017613143858788344	0.004396898954456564
13000-13999	0.06637223901206128	1.253997102527738	0.004812612216221477	0.018060538718968483	0.004577053195684804
14000-14999	0.06817712700113637	1.2810718416994695	0.004968080155964776	0.018745216078639246	0.004704185113805346
15000-15999	0.06985909038836031	1.3002640978043853	0.0051792570183610736	0.019202495597524703	0.004880740325453668
16000-16999	0.07117775455023753	1.3161320164602368	0.005286366166283212	0.019703267614715005	0.005068954365318753
17000-17999	0.07190516404985128	1.3275888934960964	0.005373199091219603	0.019941209091452996	0.005170436861362418
18000-18999	0.07243183894190526	1.3363786361604115	0.005373199091219603	0.02010468613927533	0.005196238355111609
19000-19999	0.07267226425595727	1.3435695479517433	0.005373199091219603	0.02026157341462694	0.005266698229987098
20000-20999	0.07312204157233995	1.3487443948916111	0.005389622831838078	0.020347291147299478	0.005286112713495946
21000-21999	0.07340651698082896	1.3521900348446754	0.005423889648684011	0.02038743806881125	0.005322508533755237
22000-22999	0.07363741247008145	1.3548047551798128	0.005423889648684011	0.02045485651023921	0.005322508533755237
23000-23999	0.07382339612541586	1.3571320093635504	0.005467027313086235	0.0204789852155922	0.005365595507599955
24000-24999	0.07394581382169277	1.3587435128759027	0.005474580206148422	0.0204789852155922	0.005373199091219603
25000-25999	0.0741215579844213	1.3601655350844533	0.005474580206148422	0.020502150800353072	0.005387088303964857
26000-26999	0.07416028557032428	1.361337754225836	0.005474580206148422	0.02052967577305621	0.005423889648684011
27000-27999	0.07424392499014128	1.361826360509198	0.005474580206148422	0.02052967577305621	0.005423889648684011
28000-28999	0.07426166668525376	1.362123305794845	0.005474580206148422	0.02052967577305621	0.005423889648684011
29000-29999	0.07426166668525376	1.3624406793751305	0.005474580206148422	0.02052967577305621	0.005423889648684011
30000-30999	0.07426693850322941	1.3626818143569701	0.005474580206148422	0.02052967577305621	0.005423889648684011
31000-31999	0.07431235724271792	1.3628384481795583	0.005474580206148422	0.02052967577305621	0.005423889648684011
32000-32999	0.07433395142019716	1.3629369399327207	0.005474580206148422	0.02052967577305621	0.005423889648684011
33000-33999	0.07440993656583744	1.363096970022597	0.005474580206148422	0.02052967577305621	0.005423889648684011
34000-34999	0.07446442891511144	1.3632269406119553	0.005474580206148422	0.02052967577305621	0.005423889648684011
35000-35999	0.07446442891511144	1.3632718524458887	0.005474580206148422	0.02052967577305621	0.005423889648684011
36000-36999	0.07446442891511144	1.3632718524458887	0.005474580206148422	0.02052967577305621	0.005423889648684011
37000-37999	0.07446442891511144	1.3632718524458887	0.005474580206148422	0.02052967577305621	0.005423889648684011
38000-38999	0.07446442891511144	1.3632718524458887	0.005474580206148422	0.02052967577305621	0.005423889648684011
39000-39999	0.07446442891511144	1.3632718524458887	0.005474580206148422	0.02052967577305621	0.005423889648684011
40000-40999	0.07446442891511144	1.3632718524458887	0.005474580206148422	0.02052967577305621	0.005423889648684011
41000-41999	0.07449864504139847	1.3633060685721214	0.005508796332436902	0.02056389189934455	0.005458105774972499
42000-42999	0.0745151194725746	1.3633225430032994	0.005525270763612791	0.02058036633052047	0.005474580206148422
43000-43999	0.0745151194725746	1.3633225430032994	0.005525270763612791	0.02058036633052047	0.005474580206148422
44000-44999	0.0745151194725746	1.3633225430032994	0.005525270763612791	0.02058036633052047	0.005474580206148422
45000-45999	0.07451871850215414	1.363326142032889	0.005525270763612791	0.02058396536010051	0.005478179235728396
46000-46999	0.07456581003003787	1.3633732335608093	0.005525270763612791	0.0206310568879854	0.005525270763612791
47000-47999	0.07456581003003787	1.3633732335608093	0.005525270763612791	0.0206310568879854	0.005525270763612791
48000-48999	0.07456581003003787	1.3633732335608093	0.005525270763612791	0.0206310568879854	0.005525270763612791
49000-49999	0.07461609506304419	1.363423518593793	0.005575555796617336	0.020681341920989953	0.005575555796617336
50000-50999	0.07461650058750391	1.3634239241182526	0.00557596132107705	0.02068174744544967	0.00557596132107705
51000-51999	0.07461650058750391	1.3634239241182526	0.00557596132107705	0.02068174744544967	0.00557596132107705
52000-52999	0.07461650058750391	1.3634239241182526	0.00557596132107705	0.02068174744544967	0.00557596132107705
53000-53999	0.07461650058750391	1.3634239241182526	0.00557596132107705	0.02068174744544967	0.00557596132107705
54000-54999	0.07461650058750391	1.3634239241182526	0.00557596132107705	0.02068174744544967	0.00557596132107705
55000-55143	0.0746168526052636	1.3634242761360202	0.005576313338837213	0.020682099463209466	0.005576313338837213
>>END_MODULE
